SELECT
    Station_ID,
    Station_Name,
    category
FROM taco_treceability.master_station
WHERE Station_ID IN (
    3045,
    3039,
    3012,
    3041,
    3,
    3026,
    3036,
    3046,
    28,
    36,
    3013,
    3023,
    12,
    3037,
    21,
    29,
    9,
    3009,
    3050,
    19,
    3014,
    3043,
    3022,
    3044,
    22,
    2,
    8,
    14,
    16,
    3015,
    41,
    11,
    3025,
    3035,
    13,
    7,
    35,
    3016,
    10,
    3042,
    3038,
    3008,
    3040,
    32,
    18,
    3051,
    33,
    31,
    3052,
    5,
    40,
    3024,
    15,
    39,
    3010,
    20,
    4,
    30,
    3011,
    3021
);
